{
 "cells": [
  {
   "cell_type": "code",
   "execution_count": 5,
   "metadata": {},
   "outputs": [
    {
     "name": "stdout",
     "output_type": "stream",
     "text": [
      "[[   0  198  303  736  871 1175 1475 1544 1913 2448]\n",
      " [ 198    0  105  538  673  977 1277 1346 1715 2250]\n",
      " [ 303  105    0  433  568  872 1172 1241 1610 2145]\n",
      " [ 736  538  433    0  135  439  739  808 1177 1712]\n",
      " [ 871  673  568  135    0  304  604  673 1042 1577]\n",
      " [1175  977  872  439  304    0  300  369  738 1273]\n",
      " [1475 1277 1172  739  604  300    0   69  438  973]\n",
      " [1544 1346 1241  808  673  369   69    0  369  904]\n",
      " [1913 1715 1610 1177 1042  738  438  369    0  535]\n",
      " [2448 2250 2145 1712 1577 1273  973  904  535    0]] \n",
      "\n",
      "[[   0.        318.650112  487.631232 1184.477184 1401.738624 1890.9792\n",
      "  2373.7824   2484.827136 3078.675072 3939.674112]\n",
      " [ 318.650112    0.        168.98112   865.827072 1083.088512 1572.329088\n",
      "  2055.132288 2166.177024 2760.02496  3621.024   ]\n",
      " [ 487.631232  168.98112     0.        696.845952  914.107392 1403.347968\n",
      "  1886.151168 1997.195904 2591.04384  3452.04288 ]\n",
      " [1184.477184  865.827072  696.845952    0.        217.26144   706.502016\n",
      "  1189.305216 1300.349952 1894.197888 2755.196928]\n",
      " [1401.738624 1083.088512  914.107392  217.26144     0.        489.240576\n",
      "   972.043776 1083.088512 1676.936448 2537.935488]\n",
      " [1890.9792   1572.329088 1403.347968  706.502016  489.240576    0.\n",
      "   482.8032    593.847936 1187.695872 2048.694912]\n",
      " [2373.7824   2055.132288 1886.151168 1189.305216  972.043776  482.8032\n",
      "     0.        111.044736  704.892672 1565.891712]\n",
      " [2484.827136 2166.177024 1997.195904 1300.349952 1083.088512  593.847936\n",
      "   111.044736    0.        593.847936 1454.846976]\n",
      " [3078.675072 2760.02496  2591.04384  1894.197888 1676.936448 1187.695872\n",
      "   704.892672  593.847936    0.        860.99904 ]\n",
      " [3939.674112 3621.024    3452.04288  2755.196928 2537.935488 2048.694912\n",
      "  1565.891712 1454.846976  860.99904     0.      ]]\n"
     ]
    }
   ],
   "source": [
    "import numpy as np\n",
    "distX = np.array((0, 198, 303, 736, 871, 1175, 1475, 1544, 1913, 2448))\n",
    "distY = distX[np.newaxis].T\n",
    "\n",
    "distances = np.absolute(distX-distY)\n",
    "print(distances,'\\n')\n",
    "\n",
    "distances_km = distances*1.609344\n",
    "print(distances_km)"
   ]
  },
  {
   "cell_type": "code",
   "execution_count": null,
   "metadata": {},
   "outputs": [],
   "source": []
  }
 ],
 "metadata": {
  "kernelspec": {
   "display_name": "Python 3",
   "language": "python",
   "name": "python3"
  },
  "language_info": {
   "codemirror_mode": {
    "name": "ipython",
    "version": 3
   },
   "file_extension": ".py",
   "mimetype": "text/x-python",
   "name": "python",
   "nbconvert_exporter": "python",
   "pygments_lexer": "ipython3",
   "version": "3.8.5"
  }
 },
 "nbformat": 4,
 "nbformat_minor": 4
}
